0.10602 0.08911 0.15177 0.14433 0.12844 0.092543 0.059612 0.068093 0.022564 0.13751
0.020094 0.23808 0.015813 0.078382 0.11529 0.24838 0.045155 0.10811 0.069431 0.06126
0.047756 0.073499 0.046733 0.14823 0.088933 0.17436 0.045317 0.11841 0.15944 0.097316
0.041322 0.037262 0.11834 0.063316 0.10265 0.18435 0.146 0.087863 0.0097912 0.20911
0.030026 0.12739 0.13407 0.11213 0.083021 0.10163 0.050792 0.098423 0.15165 0.11088
0.051197 0.083156 0.0032865 0.039154 0.10898 0.12525 0.19701 0.15175 0.15583 0.084388
0.11578 0.067065 0.011938 0.10225 0.22688 0.057645 0.11937 0.061531 0.13558 0.10196
0.011786 0.095873 0.040112 0.1485 0.18866 0.071504 0.043868 0.02787 0.13732 0.23451
0.17981 0.019213 0.1293 0.15541 0.12834 0.093803 0.18024 0.059095 0.047264 0.0075172
0.18377 0.025669 0.14232 0.015779 0.073642 0.044831 0.19057 0.062004 0.089249 0.17217
0.066285 0.12721 0.08747 0.1255 0.10959 0.11401 0.059264 0.057278 0.13005 0.12333
0.091252 0.17833 0.084103 0.14468 0.099378 0.036326 0.020725 0.094722 0.10199 0.1485
