0.10334 0.1214 0.086089 0.08813 0.089974 0.095289 0.10328 0.11633 0.072148 0.087418 0.013528 0.023065
0.14047 0.075271 0.11751 0.049175 0.11703 0.039559 0.037765 0.044327 0.072792 0.11602 0.14917 0.04091
0.022272 0.14036 0.13034 0.16666 0.048411 0.088738 0.16298 0.1328 0.0020875 0.079019 0.00081278 0.025526
0.17245 0.026789 0.074056 0.0065037 0.12833 0.13199 0.06608 0.14231 0.063652 0.015826 0.14631 0.025691
0.099598 0.066428 0.10324 0.069103 0.10318 0.14032 0.030964 0.059921 0.025544 0.036064 0.12873 0.13691
0.014639 0.13744 0.025693 0.057267 0.024406 0.14398 0.037684 0.085222 0.11921 0.13708 0.13038 0.087005
0.055719 0.1585 0.14126 0.15316 0.023808 0.10948 0.12325 0.015176 0.062265 0.030486 0.016893 0.11001
0.10134 0.17779 0.0058986 0.14735 0.092346 0.025687 0.087699 0.0099968 0.097936 0.15302 0.074079 0.02686
0.16269 0.11142 0.047052 0.031752 0.16307 0.025367 0.059751 0.090188 0.028146 0.09147 0.044155 0.14494
0.14264 0.0052791 0.0068254 0.0724 0.050318 0.038067 0.12282 0.11518 0.088989 0.14726 0.11827 0.091957
0.028054 0.15114 0.017289 0.079311 0.10417 0.14964 0.10417 0.16625 0.046807 0.013915 0.076788 0.062467
0.13762 0.13243 0.11676 0.09164 0.031734 0.036054 0.077945 0.018419 0.092741 0.062767 0.12912 0.072773
